30,9677419354839
46,4516129032258
61,9354838709677
67,741935483871
71,6129032258065
77,4193548387097
83,2258064516129
87,0967741935484
92,9032258064516
98,7096774193548
102,58064516129
108,387096774194 (hier setzt außerdem anderer shit ein)
123,275291912389 (hier is gar kein boom, aber dafür setzt noch mehr anderer shit ein)
135,812605345225
142,403921491765
144,822103309946
147,85846694631
150,304620792464
152,150774638618
155,843082330925
157,758791143186
162,873733671922
165,473130694722
167,440343809476
173,374770038984
181,374770038984
